-100.0	90515.0
-99.9	90334.59000000003
-99.80000000000001	90154.36000000002
-99.70000000000002	89974.31000000001
-99.60000000000002	89794.44000000005
-99.50000000000003	89614.75000000007
-99.40000000000003	89435.24000000006
-99.30000000000004	89255.91000000005
-99.20000000000005	89076.76000000008
-99.10000000000005	88897.79000000011
-99.00000000000006	88719.0000000001
-98.90000000000006	88540.3900000001
-98.80000000000007	88361.96000000012
-98.70000000000007	88183.71000000015
-98.60000000000008	88005.64000000014
-98.50000000000009	87827.75000000013
-98.40000000000009	87650.04000000017
-98.3000000000001	87472.51000000018
-98.2000000000001	87295.16000000018
-98.10000000000011	87117.99000000018
-98.00000000000011	86941.0000000002
-97.90000000000012	86764.19000000022
-97.80000000000013	86587.56000000022
-97.70000000000013	86411.11000000022
-97.60000000000014	86234.84000000024
-97.50000000000014	86058.75000000026
-97.40000000000015	85882.84000000026
-97.30000000000015	85707.11000000025
-97.20000000000016	85531.56000000027
-97.10000000000016	85356.19000000031
-97.00000000000017	85181.00000000029
-96.90000000000018	85005.9900000003
-96.80000000000018	84831.16000000032
-96.70000000000019	84656.51000000034
-96.6000000000002	84482.04000000034
-96.5000000000002	84307.75000000033
-96.4000000000002	84133.64000000035
-96.30000000000021	83959.71000000038
-96.20000000000022	83785.96000000037
-96.10000000000022	83612.39000000036
-96.00000000000023	83439.0000000004
-95.90000000000023	83265.79000000042
-95.80000000000024	83092.76000000042
-95.70000000000024	82919.91000000041
-95.60000000000025	82747.24000000043
-95.50000000000026	82574.75000000045
-95.40000000000026	82402.44000000045
-95.30000000000027	82230.31000000045
-95.20000000000027	82058.36000000047
-95.10000000000028	81886.59000000049
-95.00000000000028	81715.00000000048
-94.90000000000029	81543.59000000048
-94.8000000000003	81372.36000000051
-94.7000000000003	81201.31000000054
-94.6000000000003	81030.44000000053
-94.50000000000031	80859.75000000051
-94.40000000000032	80689.24000000054
-94.30000000000032	80518.91000000057
-94.20000000000033	80348.76000000056
-94.10000000000034	80178.79000000055
-94.00000000000034	80009.00000000058
-93.90000000000035	79839.3900000006
-93.80000000000035	79669.96000000059
-93.70000000000036	79500.71000000059
-93.60000000000036	79331.64000000061
-93.50000000000037	79162.75000000064
-93.40000000000038	78994.04000000063
-93.30000000000038	78825.51000000062
-93.20000000000039	78657.16000000064
-93.10000000000039	78488.99000000067
-93.0000000000004	78321.00000000067
-92.9000000000004	78153.19000000066
-92.80000000000041	77985.56000000068
-92.70000000000041	77818.11000000071
-92.60000000000042	77650.8400000007
-92.50000000000043	77483.7500000007
-92.40000000000043	77316.84000000072
-92.30000000000044	77150.11000000074
-92.20000000000044	76983.56000000074
-92.10000000000045	76817.19000000073
-92.00000000000045	76651.00000000076
-91.90000000000046	76484.99000000078
-91.80000000000047	76319.16000000077
-91.70000000000047	76153.51000000077
-91.60000000000048	75988.0400000008
-91.50000000000048	75822.75000000081
-91.40000000000049	75657.6400000008
-91.3000000000005	75492.71000000079
-91.2000000000005	75327.96000000082
-91.1000000000005	75163.39000000084
-91.00000000000051	74999.00000000084
-90.90000000000052	74834.79000000084
-90.80000000000052	74670.76000000085
-90.70000000000053	74506.91000000088
-90.60000000000053	74343.24000000088
-90.50000000000054	74179.75000000086
-90.40000000000055	74016.44000000089
-90.30000000000055	73853.31000000091
-90.20000000000056	73690.3600000009
-90.10000000000056	73527.5900000009
-90.00000000000057	73365.00000000092
-89.90000000000057	73202.59000000094
-89.80000000000058	73040.36000000093
-89.70000000000059	72878.31000000093
-89.60000000000059	72716.44000000095
-89.5000000000006	72554.75000000097
-89.4000000000006	72393.24000000097
-89.30000000000061	72231.91000000096
-89.20000000000061	72070.76000000098
-89.10000000000062	71909.79000000101
-89.00000000000063	71749.000000001
-88.90000000000063	71588.39000000099
-88.80000000000064	71427.96000000101
-88.70000000000064	71267.71000000104
-88.60000000000065	71107.64000000103
-88.50000000000065	70947.75000000103
-88.40000000000066	70788.04000000106
-88.30000000000067	70628.51000000107
-88.20000000000067	70469.16000000107
-88.10000000000068	70309.99000000105
-88.00000000000068	70151.00000000108
-87.90000000000069	69992.19000000111
-87.8000000000007	69833.56000000109
-87.7000000000007	69675.11000000109
-87.6000000000007	69516.84000000112
-87.50000000000071	69358.75000000114
-87.40000000000072	69200.84000000113
-87.30000000000072	69043.11000000112
-87.20000000000073	68885.56000000115
-87.10000000000073	68728.19000000117
-87.00000000000074	68571.00000000116
-86.90000000000074	68413.99000000115
-86.80000000000075	68257.16000000117
-86.70000000000076	68100.51000000119
-86.60000000000076	67944.04000000119
-86.50000000000077	67787.75000000118
-86.40000000000077	67631.6400000012
-86.30000000000078	67475.71000000123
-86.20000000000078	67319.96000000121
-86.10000000000079	67164.3900000012
-86.0000000000008	67009.00000000124
-85.9000000000008	66853.79000000126
-85.80000000000081	66698.76000000125
-85.70000000000081	66543.91000000124
-85.60000000000082	66389.24000000126
-85.50000000000082	66234.75000000128
-85.40000000000083	66080.44000000128
-85.30000000000084	65926.3100000013
-85.20000000000084	65772.3600000013
-85.10000000000085	65618.5900000013
-85.00000000000085	65465.00000000131
-84.90000000000086	65311.59000000132
-84.80000000000086	65158.360000001325
-84.70000000000087	65005.31000000134
-84.60000000000088	64852.44000000134
-84.50000000000088	64699.750000001346
-84.40000000000089	64547.24000000135
-84.30000000000089	64394.910000001364
-84.2000000000009	64242.76000000137
-84.1000000000009	64090.790000001376
-84.00000000000091	63939.00000000138
-83.90000000000092	63787.39000000139
-83.80000000000092	63635.960000001396
-83.70000000000093	63484.7100000014
-83.60000000000093	63333.64000000141
-83.50000000000094	63182.75000000142
-83.40000000000094	63032.04000000143
-83.30000000000095	62881.51000000143
-83.20000000000095	62731.16000000144
-83.10000000000096	62580.990000001446
-83.00000000000097	62431.00000000145
-82.90000000000097	62281.19000000146
-82.80000000000098	62131.56000000147
-82.70000000000098	61982.11000000147
-82.60000000000099	61832.84000000148
-82.500000000001	61683.750000001484
-82.400000000001	61534.84000000149
-82.300000000001	61386.1100000015
-82.20000000000101	61237.560000001504
-82.10000000000102	61089.19000000151
-82.00000000000102	60941.00000000152
-81.90000000000103	60792.990000001526
-81.80000000000103	60645.16000000153
-81.70000000000104	60497.51000000154
-81.60000000000105	60350.04000000154
-81.50000000000105	60202.75000000155
-81.40000000000106	60055.64000000156
-81.30000000000106	59908.71000000156
-81.20000000000107	59761.96000000157
-81.10000000000107	59615.39000000158
-81.00000000000108	59469.00000000158
-80.90000000000109	59322.79000000159
-80.80000000000109	59176.760000001595
-80.7000000000011	59030.910000001604
-80.6000000000011	58885.240000001606
-80.50000000000111	58739.750000001615
-80.40000000000111	58594.44000000162
-80.30000000000112	58449.31000000163
-80.20000000000113	58304.36000000163
-80.10000000000113	58159.59000000164
-80.00000000000114	58015.000000001644
-79.90000000000114	57870.59000000165
-79.80000000000115	57726.36000000166
-79.70000000000115	57582.310000001664
-79.60000000000116	57438.44000000167
-79.50000000000117	57294.75000000167
-79.40000000000117	57151.24000000168
-79.30000000000118	57007.910000001684
-79.20000000000118	56864.76000000169
-79.10000000000119	56721.790000001696
-79.0000000000012	56579.0000000017
-78.9000000000012	56436.39000000171
-78.8000000000012	56293.960000001716
-78.70000000000121	56151.71000000172
-78.60000000000122	56009.64000000173
-78.50000000000122	55867.75000000173
-78.40000000000123	55726.04000000174
-78.30000000000123	55584.51000000175
-78.20000000000124	55443.16000000175
-78.10000000000124	55301.99000000176
-78.00000000000125	55161.00000000176
-77.90000000000126	55020.19000000177
-77.80000000000126	54879.56000000177
-77.70000000000127	54739.11000000178
-77.60000000000127	54598.84000000179
-77.50000000000128	54458.75000000179
-77.40000000000128	54318.840000001794
-77.30000000000129	54179.110000001805
-77.2000000000013	54039.56000000181
-77.1000000000013	53900.190000001814
-77.00000000000131	53761.00000000182
-76.90000000000131	53621.990000001824
-76.80000000000132	53483.16000000183
-76.70000000000132	53344.510000001836
-76.60000000000133	53206.04000000184
-76.50000000000134	53067.75000000185
-76.40000000000134	52929.640000001855
-76.30000000000135	52791.710000001854
-76.20000000000135	52653.96000000186
-76.10000000000136	52516.39000000187
-76.00000000000136	52379.00000000187
-75.90000000000137	52241.79000000188
-75.80000000000138	52104.76000000189
-75.70000000000138	51967.91000000189
-75.60000000000139	51831.2400000019
-75.50000000000139	51694.7500000019
-75.4000000000014	51558.44000000191
-75.3000000000014	51422.31000000191
-75.20000000000141	51286.360000001914
-75.10000000000142	51150.59000000192
-75.00000000000142	51015.00000000193
-74.90000000000143	50879.59000000193
-74.80000000000143	50744.360000001936
-74.70000000000144	50609.31000000194
-74.60000000000144	50474.440000001945
-74.50000000000145	50339.75000000195
-74.40000000000146	50205.240000001955
-74.30000000000146	50070.91000000196
-74.20000000000147	49936.76000000197
-74.10000000000147	49802.79000000197
-74.00000000000148	49669.00000000198
-73.90000000000148	49535.39000000198
-73.80000000000149	49401.960000001985
-73.7000000000015	49268.71000000199
-73.6000000000015	49135.64000000199
-73.5000000000015	49002.750000002
-73.40000000000151	48870.040000002
-73.30000000000152	48737.51000000201
-73.20000000000152	48605.16000000201
-73.10000000000153	48472.99000000202
-73.00000000000153	48341.00000000202
-72.90000000000154	48209.190000002025
-72.80000000000155	48077.560000002035
-72.70000000000155	47946.11000000204
-72.60000000000156	47814.84000000204
-72.50000000000156	47683.750000002045
-72.40000000000157	47552.84000000205
-72.30000000000157	47422.11000000206
-72.20000000000158	47291.560000002064
-72.10000000000159	47161.19000000207
-72.00000000000159	47031.00000000207
-71.9000000000016	46900.99000000207
-71.8000000000016	46771.16000000208
-71.70000000000161	46641.51000000208
-71.60000000000161	46512.04000000209
-71.50000000000162	46382.750000002095
-71.40000000000163	46253.640000002095
-71.30000000000163	46124.7100000021
-71.20000000000164	45995.9600000021
-71.10000000000164	45867.39000000211
-71.00000000000165	45739.00000000212
-70.90000000000165	45610.79000000212
-70.80000000000166	45482.76000000212
-70.70000000000167	45354.91000000213
-70.60000000000167	45227.24000000213
-70.50000000000168	45099.75000000213
-70.40000000000168	44972.44000000214
-70.30000000000169	44845.310000002144
-70.2000000000017	44718.36000000215
-70.1000000000017	44591.59000000215
-70.0000000000017	44465.000000002154
-69.90000000000171	44338.59000000216
-69.80000000000172	44212.36000000216
-69.70000000000172	44086.310000002166
-69.60000000000173	43960.44000000217
-69.50000000000173	43834.750000002176
-69.40000000000174	43709.24000000218
-69.30000000000175	43583.910000002186
-69.20000000000175	43458.760000002185
-69.10000000000176	43333.79000000219
-69.00000000000176	43209.0000000022
-68.90000000000177	43084.3900000022
-68.80000000000177	42959.960000002204
-68.70000000000178	42835.71000000221
-68.60000000000178	42711.64000000221
-68.50000000000179	42587.75000000221
-68.4000000000018	42464.04000000222
-68.3000000000018	42340.51000000222
-68.20000000000181	42217.16000000222
-68.10000000000181	42093.99000000223
-68.00000000000182	41971.000000002234
-67.90000000000182	41848.190000002236
-67.80000000000183	41725.56000000224
-67.70000000000184	41603.11000000224
-67.60000000000184	41480.840000002245
-67.50000000000185	41358.75000000225
-67.40000000000185	41236.84000000225
-67.30000000000186	41115.110000002256
-67.20000000000186	40993.56000000226
-67.10000000000187	40872.190000002265
-67.00000000000188	40751.00000000227
-66.90000000000188	40629.990000002275
-66.80000000000189	40509.16000000227
-66.70000000000189	40388.51000000228
-66.6000000000019	40268.040000002286
-66.5000000000019	40147.750000002285
-66.40000000000191	40027.64000000229
-66.30000000000192	39907.71000000229
-66.20000000000192	39787.9600000023
-66.10000000000193	39668.3900000023
-66.00000000000193	39549.00000000231
-65.90000000000194	39429.79000000231
-65.80000000000194	39310.76000000231
-65.70000000000195	39191.91000000231
-65.60000000000196	39073.24000000232
-65.50000000000196	38954.75000000232
-65.40000000000197	38836.44000000232
-65.30000000000197	38718.310000002326
-65.20000000000198	38600.36000000233
-65.10000000000198	38482.59000000233
-65.00000000000199	38365.000000002336
-64.900000000002	38247.59000000234
-64.800000000002	38130.36000000234
-64.700000000002	38013.31000000234
-64.60000000000201	37896.440000002345
-64.50000000000202	37779.75000000235
-64.40000000000202	37663.240000002355
-64.30000000000203	37546.91000000235
-64.20000000000203	37430.76000000236
-64.10000000000204	37314.79000000236
-64.00000000000205	37199.000000002365
-63.90000000000205	37083.390000002364
-63.80000000000206	36967.96000000237
-63.70000000000206	36852.71000000237
-63.60000000000207	36737.64000000238
-63.500000000002075	36622.75000000238
-63.40000000000208	36508.04000000238
-63.300000000002086	36393.51000000238
-63.20000000000209	36279.16000000239
-63.1000000000021	36164.99000000239
-63.0000000000021	36051.000000002394
-62.90000000000211	35937.190000002396
-62.800000000002115	35823.5600000024
-62.70000000000212	35710.1100000024
-62.600000000002126	35596.840000002405
-62.50000000000213	35483.75000000241
-62.40000000000214	35370.840000002405
-62.30000000000214	35258.11000000241
-62.20000000000215	35145.56000000241
-62.100000000002154	35033.19000000242
-62.00000000000216	34921.000000002416
-61.900000000002166	34808.99000000242
-61.80000000000217	34697.16000000243
-61.70000000000218	34585.510000002425
-61.60000000000218	34474.04000000244
-61.50000000000219	34362.75000000243
-61.400000000002194	34251.64000000244
-61.3000000000022	34140.710000002444
-61.200000000002206	34029.960000002444
-61.10000000000221	33919.390000002444
-61.00000000000222	33809.00000000245
-60.90000000000222	33698.79000000245
-60.80000000000223	33588.760000002454
-60.700000000002234	33478.910000002455
-60.60000000000224	33369.24000000246
-60.500000000002245	33259.75000000246
-60.40000000000225	33150.44000000246
-60.30000000000226	33041.310000002464
-60.20000000000226	32932.36000000247
-60.10000000000227	32823.59000000246
-60.000000000002274	32715.000000002467
-59.90000000000228	32606.59000000247
-59.800000000002285	32498.36000000247
-59.70000000000229	32390.31000000247
-59.6000000000023	32282.440000002476
-59.5000000000023	32174.750000002477
-59.40000000000231	32067.24000000248
-59.30000000000231	31959.91000000248
-59.20000000000232	31852.760000002483
-59.100000000002325	31745.790000002486
-59.00000000000233	31639.000000002485
-58.900000000002336	31532.390000002488
-58.80000000000234	31425.96000000249
-58.70000000000235	31319.71000000249
-58.60000000000235	31213.64000000249
-58.50000000000236	31107.750000002496
-58.400000000002365	31002.040000002497
-58.30000000000237	30896.510000002498
-58.200000000002376	30791.1600000025
-58.10000000000238	30685.9900000025
-58.00000000000239	30581.000000002503
-57.90000000000239	30476.190000002505
-57.8000000000024	30371.560000002508
-57.700000000002404	30267.110000002507
-57.60000000000241	30162.84000000251
-57.500000000002416	30058.75000000251
-57.40000000000242	29954.840000002514
-57.30000000000243	29851.110000002514
-57.20000000000243	29747.560000002515
-57.10000000000244	29644.190000002516
-57.000000000002444	29541.000000002517
-56.90000000000245	29437.99000000252
-56.800000000002456	29335.16000000252
-56.70000000000246	29232.510000002523
-56.60000000000247	29130.040000002526
-56.50000000000247	29027.750000002525
-56.40000000000248	28925.640000002528
-56.300000000002484	28823.710000002528
-56.20000000000249	28721.96000000253
-56.100000000002495	28620.39000000253
-56.0000000000025	28519.000000002532
-55.90000000000251	28417.790000002533
-55.80000000000251	28316.760000002534
-55.70000000000252	28215.910000002536
-55.600000000002524	28115.240000002537
-55.50000000000253	28014.75000000254
-55.400000000002535	27914.440000002538
-55.30000000000254	27814.310000002544
-55.20000000000255	27714.36000000254
-55.10000000000255	27614.590000002543
-55.00000000000256	27515.000000002547
-54.900000000002564	27415.590000002547
-54.80000000000257	27316.360000002547
-54.700000000002575	27217.31000000255
-54.60000000000258	27118.440000002553
-54.500000000002586	27019.75000000255
-54.40000000000259	26921.240000002552
-54.3000000000026	26822.910000002554
-54.2000000000026	26724.760000002556
-54.10000000000261	26626.790000002555
-54.000000000002615	26529.000000002557
-53.90000000000262	26431.390000002557
-53.800000000002626	26333.960000002557
-53.70000000000263	26236.71000000256
-53.60000000000264	26139.64000000256
-53.50000000000264	26042.75000000256
-53.40000000000265	25946.040000002562
-53.300000000002655	25849.510000002563
-53.20000000000266	25753.16000000256
-53.100000000002666	25656.990000002563
-53.00000000000267	25561.000000002565
-52.90000000000268	25465.190000002563
-52.80000000000268	25369.560000002566
-52.70000000000269	25274.110000002565
-52.600000000002694	25178.840000002565
-52.5000000000027	25083.750000002565
-52.400000000002706	24988.840000002565
-52.30000000000271	24894.110000002565
-52.20000000000272	24799.560000002566
-52.10000000000272	24705.190000002567
-52.00000000000273	24611.00000000257
-51.900000000002734	24516.99000000257
-51.80000000000274	24423.16000000257
-51.700000000002746	24329.51000000257
-51.60000000000275	24236.04000000257
-51.50000000000276	24142.75000000257
-51.40000000000276	24049.64000000257
-51.30000000000277	23956.71000000257
-51.200000000002774	23863.96000000257
-51.10000000000278	23771.39000000257
-51.000000000002785	23679.000000002572
-50.90000000000279	23586.790000002573
-50.8000000000028	23494.76000000257
-50.7000000000028	23402.910000002572
-50.60000000000281	23311.240000002574
-50.500000000002814	23219.750000002572
-50.40000000000282	23128.44000000257
-50.300000000002825	23037.310000002573
-50.20000000000283	22946.360000002573
-50.10000000000284	22855.590000002572
-50.00000000000284	22765.000000002572
-49.90000000000285	22674.590000002572
-49.80000000000285	22584.360000002573
-49.70000000000286	22494.310000002573
-49.600000000002865	22404.44000000257
-49.50000000000287	22314.750000002572
-49.400000000002876	22225.240000002574
-49.30000000000288	22135.910000002572
-49.20000000000289	22046.76000000257
-49.10000000000289	21957.790000002573
-49.0000000000029	21869.000000002572
-48.900000000002905	21780.39000000257
-48.80000000000291	21691.96000000257
-48.700000000002916	21603.71000000257
-48.60000000000292	21515.64000000257
-48.50000000000293	21427.75000000257
-48.40000000000293	21340.04000000257
-48.30000000000294	21252.51000000257
-48.200000000002944	21165.16000000257
-48.10000000000295	21077.99000000257
-48.000000000002956	20991.00000000257
-47.90000000000296	20904.190000002567
-47.80000000000297	20817.560000002566
-47.70000000000297	20731.110000002565
-47.60000000000298	20644.840000002565
-47.500000000002984	20558.750000002565
-47.40000000000299	20472.840000002565
-47.300000000002996	20387.110000002565
-47.200000000003	20301.560000002566
-47.10000000000301	20216.190000002563
-47.00000000000301	20131.000000002565
-46.90000000000302	20045.990000002563
-46.800000000003024	19961.16000000256
-46.70000000000303	19876.510000002563
-46.600000000003035	19792.040000002562
-46.50000000000304	19707.75000000256
-46.40000000000305	19623.64000000256
-46.30000000000305	19539.71000000256
-46.20000000000306	19455.960000002557
-46.100000000003064	19372.390000002557
-46.00000000000307	19289.000000002557
-45.900000000003075	19205.790000002555
-45.80000000000308	19122.760000002556
-45.70000000000309	19039.910000002554
-45.60000000000309	18957.240000002552
-45.5000000000031	18874.75000000255
-45.400000000003104	18792.440000002553
-45.30000000000311	18710.31000000255
-45.200000000003115	18628.360000002547
-45.10000000000312	18546.590000002547
-45.000000000003126	18465.000000002547
-44.90000000000313	18383.590000002547
-44.80000000000314	18302.360000002544
-44.70000000000314	18221.310000002544
-44.60000000000315	18140.44000000254
-44.500000000003155	18059.750000002543
-44.40000000000316	17979.24000000254
-44.300000000003166	17898.91000000254
-44.20000000000317	17818.760000002538
-44.10000000000318	17738.790000002537
-44.00000000000318	17659.000000002536
-43.90000000000319	17579.390000002535
-43.800000000003195	17499.960000002535
-43.7000000000032	17420.71000000253
-43.600000000003206	17341.64000000253
-43.50000000000321	17262.75000000253
-43.40000000000322	17184.04000000253
-43.30000000000322	17105.510000002527
-43.20000000000323	17027.160000002525
-43.100000000003234	16948.990000002523
-43.00000000000324	16871.00000000252
-42.900000000003246	16793.19000000252
-42.80000000000325	16715.56000000252
-42.70000000000326	16638.110000002518
-42.60000000000326	16560.840000002518
-42.50000000000327	16483.750000002517
-42.400000000003274	16406.840000002514
-42.30000000000328	16330.110000002514
-42.200000000003286	16253.560000002512
-42.10000000000329	16177.19000000251
-42.0000000000033	16101.000000002508
-41.9000000000033	16024.990000002506
-41.80000000000331	15949.160000002506
-41.700000000003314	15873.510000002503
-41.60000000000332	15798.040000002502
-41.500000000003325	15722.750000002501
-41.40000000000333	15647.640000002499
-41.30000000000334	15572.710000002497
-41.20000000000334	15497.960000002495
-41.10000000000335	15423.390000002493
-41.000000000003354	15349.000000002492
-40.90000000000336	15274.79000000249
-40.800000000003365	15200.760000002489
-40.70000000000337	15126.910000002486
-40.60000000000338	15053.240000002485
-40.50000000000338	14979.750000002481
-40.40000000000339	14906.44000000248
-40.30000000000339	14833.310000002479
-40.2000000000034	14760.360000002476
-40.100000000003405	14687.590000002474
-40.00000000000341	14615.000000002472
-39.900000000003416	14542.59000000247
-39.80000000000342	14470.360000002467
-39.70000000000343	14398.310000002466
-39.60000000000343	14326.440000002463
-39.50000000000344	14254.750000002461
-39.400000000003445	14183.240000002459
-39.30000000000345	14111.910000002457
-39.200000000003456	14040.760000002458
-39.10000000000346	13969.790000002455
-39.00000000000347	13899.000000002452
-38.90000000000347	13828.39000000245
-38.80000000000348	13757.960000002447
-38.700000000003485	13687.710000002446
-38.60000000000349	13617.640000002442
-38.500000000003496	13547.750000002441
-38.4000000000035	13478.040000002438
-38.30000000000351	13408.510000002436
-38.20000000000351	13339.160000002434
-38.10000000000352	13269.990000002432
-38.000000000003524	13201.000000002428
-37.90000000000353	13132.190000002427
-37.800000000003536	13063.560000002424
-37.70000000000354	12995.110000002422
-37.60000000000355	12926.84000000242
-37.50000000000355	12858.750000002416
-37.40000000000356	12790.840000002414
-37.300000000003564	12723.11000000241
-37.20000000000357	12655.560000002408
-37.100000000003575	12588.190000002405
-37.00000000000358	12521.000000002403
-36.90000000000359	12453.9900000024
-36.80000000000359	12387.160000002397
-36.7000000000036	12320.510000002396
-36.600000000003604	12254.040000002393
-36.50000000000361	12187.75000000239
-36.400000000003615	12121.640000002388
-36.30000000000362	12055.710000002384
-36.20000000000363	11989.960000002382
-36.10000000000363	11924.390000002379
-36.00000000000364	11859.000000002376
-35.900000000003644	11793.790000002373
-35.80000000000365	11728.76000000237
-35.700000000003655	11663.910000002366
-35.60000000000366	11599.240000002364
-35.500000000003666	11534.750000002361
-35.40000000000367	11470.440000002358
-35.30000000000368	11406.310000002355
-35.20000000000368	11342.360000002353
-35.10000000000369	11278.590000002348
-35.000000000003695	11215.000000002346
-34.9000000000037	11151.590000002343
-34.800000000003706	11088.36000000234
-34.70000000000371	11025.310000002337
-34.60000000000372	10962.440000002334
-34.50000000000372	10899.75000000233
-34.40000000000373	10837.240000002326
-34.300000000003735	10774.910000002325
-34.20000000000374	10712.760000002321
-34.100000000003746	10650.790000002318
-34.00000000000375	10589.000000002314
-33.90000000000376	10527.390000002311
-33.80000000000376	10465.960000002307
-33.70000000000377	10404.710000002304
-33.600000000003774	10343.6400000023
-33.50000000000378	10282.750000002297
-33.400000000003786	10222.040000002295
-33.30000000000379	10161.51000000229
-33.2000000000038	10101.160000002288
-33.1000000000038	10040.990000002284
-33.00000000000381	9981.000000002281
-32.900000000003814	9921.190000002276
-32.80000000000382	9861.560000002275
-32.700000000003826	9802.110000002272
-32.60000000000383	9742.840000002268
-32.50000000000384	9683.750000002265
-32.40000000000384	9624.840000002261
-32.30000000000385	9566.110000002258
-32.200000000003854	9507.560000002253
-32.10000000000386	9449.19000000225
-32.000000000003865	9391.000000002246
-31.90000000000387	9332.990000002243
-31.800000000003877	9275.160000002239
-31.700000000003882	9217.510000002236
-31.600000000003888	9160.040000002231
-31.500000000003894	9102.750000002228
-31.4000000000039	9045.640000002224
-31.300000000003905	8988.71000000222
-31.20000000000391	8931.960000002216
-31.100000000003917	8875.390000002213
-31.000000000003922	8819.000000002208
-30.900000000003928	8762.790000002205
-30.800000000003934	8706.760000002201
-30.70000000000394	8650.910000002197
-30.600000000003945	8595.240000002193
-30.50000000000395	8539.750000002188
-30.400000000003956	8484.440000002185
-30.300000000003962	8429.31000000218
-30.200000000003968	8374.360000002176
-30.100000000003973	8319.590000002172
-30.00000000000398	8265.000000002168
-29.900000000003985	8210.590000002165
-29.80000000000399	8156.360000002161
-29.700000000003996	8102.310000002156
-29.600000000004002	8048.440000002152
-29.500000000004007	7994.750000002148
-29.400000000004013	7941.2400000021435
-29.30000000000402	7887.91000000214
-29.200000000004025	7834.760000002136
-29.10000000000403	7781.790000002131
-29.000000000004036	7729.000000002126
-28.90000000000404	7676.390000002122
-28.800000000004047	7623.960000002118
-28.700000000004053	7571.710000002114
-28.60000000000406	7519.640000002109
-28.500000000004064	7467.750000002105
-28.40000000000407	7416.040000002101
-28.300000000004076	7364.510000002097
-28.20000000000408	7313.160000002092
-28.100000000004087	7261.990000002087
-28.000000000004093	7211.000000002083
-27.9000000000041	7160.190000002079
-27.800000000004104	7109.560000002075
-27.70000000000411	7059.11000000207
-27.600000000004115	7008.840000002066
-27.50000000000412	6958.750000002061
-27.400000000004127	6908.8400000020565
-27.300000000004133	6859.1100000020515
-27.200000000004138	6809.560000002047
-27.100000000004144	6760.190000002042
-27.00000000000415	6711.000000002037
-26.900000000004155	6661.9900000020325
-26.80000000000416	6613.160000002028
-26.700000000004167	6564.510000002024
-26.600000000004172	6516.040000002019
-26.500000000004178	6467.750000002014
-26.400000000004184	6419.640000002009
-26.30000000000419	6371.710000002005
-26.200000000004195	6323.960000001999
-26.1000000000042	6276.390000001995
-26.000000000004206	6229.000000001989
-25.900000000004212	6181.7900000019845
-25.800000000004218	6134.760000001979
-25.700000000004223	6087.910000001974
-25.60000000000423	6041.24000000197
-25.500000000004235	5994.7500000019645
-25.40000000000424	5948.44000000196
-25.300000000004246	5902.310000001955
-25.200000000004252	5856.36000000195
-25.100000000004258	5810.590000001945
-25.000000000004263	5765.000000001939
-24.90000000000427	5719.590000001935
-24.800000000004275	5674.360000001929
-24.70000000000428	5629.310000001925
-24.600000000004286	5584.4400000019195
-24.50000000000429	5539.7500000019145
-24.400000000004297	5495.240000001909
-24.300000000004303	5450.910000001904
-24.20000000000431	5406.760000001898
-24.100000000004314	5362.7900000018935
-24.00000000000432	5319.000000001888
-23.900000000004326	5275.390000001883
-23.80000000000433	5231.960000001877
-23.700000000004337	5188.710000001872
-23.600000000004343	5145.640000001867
-23.50000000000435	5102.750000001861
-23.400000000004354	5060.040000001856
-23.30000000000436	5017.51000000185
-23.200000000004366	4975.160000001845
-23.10000000000437	4932.99000000184
-23.000000000004377	4891.0000000018335
-22.900000000004383	4849.190000001829
-22.80000000000439	4807.560000001823
-22.700000000004394	4766.110000001817
-22.6000000000044	4724.840000001812
-22.500000000004405	4683.750000001806
-22.40000000000441	4642.8400000018
-22.300000000004417	4602.110000001795
-22.200000000004422	4561.560000001789
-22.100000000004428	4521.190000001783
-22.000000000004434	4481.000000001777
-21.90000000000444	4440.9900000017715
-21.800000000004445	4401.160000001766
-21.70000000000445	4361.51000000176
-21.600000000004457	4322.040000001754
-21.500000000004462	4282.75000000175
-21.400000000004468	4243.640000001744
-21.300000000004474	4204.710000001738
-21.20000000000448	4165.960000001732
-21.100000000004485	4127.390000001726
-21.00000000000449	4089.00000000172
-20.900000000004496	4050.790000001714
-20.800000000004502	4012.7600000017082
-20.700000000004508	3974.9100000017024
-20.600000000004513	3937.2400000016964
-20.50000000000452	3899.7500000016903
-20.400000000004525	3862.4400000016844
-20.30000000000453	3825.310000001678
-20.200000000004536	3788.3600000016722
-20.100000000004542	3751.590000001666
-20.000000000004547	3715.00000000166
-19.900000000004553	3678.5900000016536
-19.80000000000456	3642.3600000016477
-19.700000000004565	3606.310000001641
-19.60000000000457	3570.4400000016353
-19.500000000004576	3534.750000001629
-19.40000000000458	3499.240000001623
-19.300000000004587	3463.9100000016165
-19.200000000004593	3428.76000000161
-19.1000000000046	3393.7900000016043
-19.000000000004604	3359.000000001598
-18.90000000000461	3324.3900000015915
-18.800000000004616	3289.9600000015853
-18.70000000000462	3255.710000001579
-18.600000000004627	3221.6400000015724
-18.500000000004633	3187.7500000015657
-18.40000000000464	3154.0400000015593
-18.300000000004644	3120.510000001553
-18.20000000000465	3087.1600000015465
-18.100000000004655	3053.99000000154
-18.00000000000466	3021.0000000015334
-17.900000000004667	2988.1900000015266
-17.800000000004673	2955.56000000152
-17.700000000004678	2923.1100000015135
-17.600000000004684	2890.840000001507
-17.50000000000469	2858.7500000015007
-17.400000000004695	2826.840000001494
-17.3000000000047	2795.1100000014876
-17.200000000004707	2763.5600000014806
-17.100000000004712	2732.190000001474
-17.000000000004718	2701.0000000014675
-16.900000000004724	2669.9900000014604
-16.80000000000473	2639.1600000014537
-16.700000000004735	2608.510000001447
-16.60000000000474	2578.04000000144
-16.500000000004746	2547.7500000014334
-16.400000000004752	2517.6400000014264
-16.300000000004758	2487.7100000014198
-16.200000000004763	2457.9600000014125
-16.10000000000477	2428.390000001406
-16.000000000004775	2399.000000001399
-15.90000000000478	2369.7900000013924
-15.800000000004786	2340.7600000013854
-15.700000000004792	2311.910000001378
-15.600000000004798	2283.2400000013713
-15.500000000004803	2254.7500000013642
-15.400000000004809	2226.440000001357
-15.300000000004815	2198.31000000135
-15.20000000000482	2170.360000001343
-15.100000000004826	2142.5900000013357
-15.000000000004832	2115.0000000013288
-14.900000000004837	2087.5900000013216
-14.800000000004843	2060.3600000013143
-14.700000000004849	2033.3100000013073
-14.600000000004854	2006.4400000013002
-14.50000000000486	1979.7500000012928
-14.400000000004866	1953.2400000012856
-14.300000000004871	1926.9100000012781
-14.200000000004877	1900.760000001271
-14.100000000004883	1874.7900000012637
-14.000000000004889	1849.0000000012565
-13.900000000004894	1823.390000001249
-13.8000000000049	1797.9600000012417
-13.700000000004906	1772.7100000012342
-13.600000000004911	1747.6400000012268
-13.500000000004917	1722.7500000012194
-13.400000000004923	1698.0400000012119
-13.300000000004928	1673.5100000012044
-13.200000000004934	1649.1600000011972
-13.10000000000494	1624.9900000011896
-13.000000000004945	1601.000000001182
-12.900000000004951	1577.1900000011744
-12.800000000004957	1553.5600000011668
-12.700000000004962	1530.1100000011593
-12.600000000004968	1506.8400000011516
-12.500000000004974	1483.750000001144
-12.40000000000498	1460.840000001136
-12.300000000004985	1438.1100000011288
-12.20000000000499	1415.560000001121
-12.100000000004997	1393.1900000011133
-12.000000000005002	1371.0000000011055
-11.900000000005008	1348.9900000010978
-11.800000000005014	1327.1600000010899
-11.70000000000502	1305.510000001082
-11.600000000005025	1284.0400000010745
-11.50000000000503	1262.7500000010666
-11.400000000005036	1241.6400000010588
-11.300000000005042	1220.7100000010507
-11.200000000005048	1199.9600000010428
-11.100000000005053	1179.3900000010349
-11.000000000005059	1159.000000001027
-10.900000000005065	1138.790000001019
-10.80000000000507	1118.7600000010111
-10.700000000005076	1098.910000001003
-10.600000000005082	1079.240000000995
-10.500000000005087	1059.750000000987
-10.400000000005093	1040.440000000979
-10.300000000005099	1021.3100000009708
-10.200000000005105	1002.3600000009628
-10.10000000000511	983.5900000009547
-10.000000000005116	965.0000000009464
-9.900000000005122	946.5900000009383
-9.800000000005127	928.3600000009301
-9.700000000005133	910.310000000922
-9.600000000005139	892.4400000009136
-9.500000000005144	874.7500000009054
-9.40000000000515	857.2400000008972
-9.300000000005156	839.9100000008889
-9.200000000005161	822.7600000008805
-9.100000000005167	805.7900000008722
-9.000000000005173	789.0000000008638
-8.900000000005178	772.3900000008555
-8.800000000005184	755.9600000008471
-8.70000000000519	739.7100000008386
-8.600000000005195	723.6400000008302
-8.500000000005201	707.7500000008218
-8.400000000005207	692.0400000008133
-8.300000000005213	676.5100000008048
-8.200000000005218	661.1600000007963
-8.100000000005224	645.9900000007877
-8.00000000000523	631.0000000007792
-7.900000000005235	616.1900000007706
-7.800000000005241	601.5600000007621
-7.700000000005247	587.1100000007534
-7.600000000005252	572.8400000007448
-7.500000000005258	558.7500000007361
-7.400000000005264	544.8400000007275
-7.300000000005269	531.1100000007187
-7.200000000005275	517.56000000071
-7.100000000005281	504.1900000007013
-7.000000000005286	491.0000000006925
-6.900000000005292	477.9900000006837
-6.800000000005298	465.1600000006749
-6.7000000000053035	452.5100000006661
-6.600000000005309	440.0400000006573
-6.500000000005315	427.75000000064847
-6.4000000000053205	415.64000000063953
-6.300000000005326	403.71000000063066
-6.200000000005332	391.9600000006217
-6.100000000005338	380.39000000061276
-6.000000000005343	369.0000000006038
-5.900000000005349	357.7900000005948
-5.800000000005355	346.7600000005858
-5.70000000000536	335.9100000005768
-5.600000000005366	325.2400000005677
-5.500000000005372	314.75000000055866
-5.400000000005377	304.44000000054956
-5.300000000005383	294.31000000054047
-5.200000000005389	284.36000000053133
-5.100000000005394	274.5900000005222
-5.0000000000054	265.000000000513
-4.900000000005406	255.59000000050384
-4.8000000000054115	246.3600000004946
-4.700000000005417	237.3100000004854
-4.600000000005423	228.44000000047612
-4.5000000000054285	219.75000000046685
-4.400000000005434	211.24000000045757
-4.30000000000544	202.91000000044824
-4.200000000005446	194.7600000004389
-4.100000000005451	186.79000000042956
-4.000000000005457	179.0000000004202
-3.9000000000054627	171.3900000004108
-3.8000000000054683	163.96000000040138
-3.700000000005474	156.71000000039194
-3.6000000000054797	149.64000000038249
-3.5000000000054854	142.750000000373
-3.400000000005491	136.0400000003635
-3.3000000000054968	129.510000000354
-3.2000000000055024	123.16000000034445
-3.100000000005508	116.99000000033489
-3.000000000005514	111.00000000032531
-2.9000000000055195	105.19000000031572
-2.800000000005525	99.56000000030609
-2.700000000005531	94.11000000029645
-2.6000000000055365	88.84000000028679
-2.5000000000055422	83.75000000027711
-2.400000000005548	78.84000000026741
-2.3000000000055536	74.11000000025768
-2.2000000000055593	69.56000000024795
-2.100000000005565	65.19000000023817
-2.0000000000055707	61.0000000002284
-1.9000000000055763	56.99000000021859
-1.800000000005582	53.16000000020877
-1.7000000000055877	49.51000000019892
-1.6000000000055934	46.04000000018905
-1.500000000005599	42.75000000017917
-1.4000000000056048	39.640000000169266
-1.3000000000056104	36.71000000015934
-1.2000000000056161	33.96000000014939
-1.1000000000056218	31.390000000139423
-1.0000000000056275	29.000000000129432
-0.9000000000056332	26.790000000119424
-0.8000000000056389	24.760000000109393
-0.7000000000056446	22.910000000099345
-0.6000000000056502	21.240000000089275
-0.5000000000056559	19.750000000079183
-0.4000000000056616	18.440000000069073
-0.3000000000056673	17.31000000005894
-0.20000000000567297	16.36000000004879
-0.10000000000567866	15.590000000038614
-5.6843418860808015e-12	15.000000000028422
0.09999999999430997	14.590000000018208
0.1999999999943043	14.360000000007973
0.2999999999942986	14.30999999999772
0.3999999999942929	14.439999999987444
0.49999999999428724	14.749999999977149
0.5999999999942816	15.239999999966834
0.6999999999942759	15.909999999956497
0.7999999999942702	16.75999999994614
0.8999999999942645	17.789999999935763
0.9999999999942588	18.999999999925365
1.0999999999942531	20.38999999991495
1.1999999999942474	21.959999999904507
1.2999999999942418	23.70999999989405
1.399999999994236	25.639999999883567
1.4999999999942304	27.74999999987307
1.5999999999942247	30.039999999862548
1.699999999994219	32.509999999852006
1.7999999999942133	35.159999999841446
1.8999999999942077	37.989999999830864
1.999999999994202	40.99999999982026
2.0999999999941963	44.189999999809636
2.1999999999941906	47.559999999799
2.299999999994185	51.10999999978833
2.3999999999941792	54.839999999777646
2.4999999999941735	58.74999999976694
2.599999999994168	62.839999999756216
2.699999999994162	67.10999999974547
2.7999999999941565	71.5599999997347
2.899999999994151	76.18999999972392
2.999999999994145	80.99999999971311
3.0999999999941394	85.98999999970228
3.1999999999941338	91.15999999969144
3.299999999994128	96.50999999968057
3.3999999999941224	102.03999999966967
3.4999999999941167	107.74999999965877
3.599999999994111	113.63999999964784
3.6999999999941053	119.70999999963689
3.7999999999940997	125.95999999962592
3.899999999994094	132.38999999961493
3.9999999999940883	138.99999999960392
4.099999999994083	145.78999999959288
4.199999999994077	152.75999999958182
4.299999999994071	159.90999999957074
4.3999999999940655	167.23999999955967
4.49999999999406	174.74999999954855
4.599999999994054	182.4399999995374
4.6999999999940485	190.30999999952627
4.799999999994043	198.35999999951508
4.899999999994037	206.5899999995039
4.999999999994031	214.99999999949267
5.099999999994026	223.58999999948145
5.19999999999402	232.35999999947018
5.299999999994014	241.3099999994589
5.399999999994009	250.4399999994476
5.499999999994003	259.74999999943634
5.599999999993997	269.2399999994249
5.699999999993992	278.90999999941357
5.799999999993986	288.7599999994022
5.89999999999398	298.78999999939083
5.999999999993975	308.9999999993794
6.099999999993969	319.3899999993679
6.199999999993963	329.95999999935646
6.2999999999939575	340.709999999345
6.399999999993952	351.6399999993335
6.499999999993946	362.749999999322
6.5999999999939405	374.03999999931045
6.699999999993935	385.5099999992989
6.799999999993929	397.15999999928727
6.899999999993923	408.9899999992757
6.999999999993918	420.99999999926405
7.099999999993912	433.18999999925245
7.199999999993906	445.55999999924074
7.299999999993901	458.1099999992291
7.399999999993895	470.83999999921735
7.499999999993889	483.74999999920567
7.599999999993884	496.8399999991939
7.699999999993878	510.10999999918204
7.799999999993872	523.5599999991703
7.899999999993867	537.1899999991585
7.999999999993861	550.9999999991467
8.099999999993855	564.9899999991347
8.19999999999385	579.1599999991229
8.299999999993844	593.5099999991111
8.399999999993838	608.0399999990991
8.499999999993832	622.7499999990872
8.599999999993827	637.6399999990751
8.699999999993821	652.7099999990633
8.799999999993815	667.9599999990513
8.89999999999381	683.3899999990392
8.999999999993804	698.9999999990273
9.099999999993798	714.7899999990152
9.199999999993793	730.7599999990031
9.299999999993787	746.909999998991
9.399999999993781	763.2399999989789
9.499999999993776	779.7499999989668
9.59999999999377	796.4399999989546
9.699999999993764	813.3099999989424
9.799999999993759	830.3599999989303
9.899999999993753	847.5899999989181
9.999999999993747	864.9999999989058
10.099999999993742	882.5899999988935
10.199999999993736	900.3599999988812
10.29999999999373	918.309999998869
10.399999999993724	936.4399999988566
10.499999999993719	954.7499999988443
10.599999999993713	973.239999998832
10.699999999993707	991.9099999988194
10.799999999993702	1010.7599999988071
10.899999999993696	1029.7899999987949
10.99999999999369	1048.9999999987822
11.099999999993685	1068.3899999987698
11.199999999993679	1087.9599999987572
11.299999999993673	1107.7099999987447
11.399999999993668	1127.6399999987323
11.499999999993662	1147.7499999987197
11.599999999993656	1168.0399999987071
11.69999999999365	1188.5099999986946
11.799999999993645	1209.159999998682
11.89999999999364	1229.9899999986694
11.999999999993634	1250.9999999986567
12.099999999993628	1272.189999998644
12.199999999993622	1293.5599999986312
12.299999999993616	1315.1099999986186
12.39999999999361	1336.839999998606
12.499999999993605	1358.7499999985932
12.5999999999936	1380.8399999985804
12.699999999993594	1403.1099999985677
12.799999999993588	1425.5599999985548
12.899999999993582	1448.189999998542
12.999999999993577	1470.9999999985291
13.099999999993571	1493.9899999985162
13.199999999993565	1517.1599999985033
13.29999999999356	1540.5099999984905
13.399999999993554	1564.0399999984775
13.499999999993548	1587.7499999984645
13.599999999993543	1611.6399999984515
13.699999999993537	1635.7099999984384
13.799999999993531	1659.9599999984255
13.899999999993526	1684.3899999984123
13.99999999999352	1708.9999999983993
14.099999999993514	1733.7899999983865
14.199999999993508	1758.7599999983734
14.299999999993503	1783.90999999836
14.399999999993497	1809.239999998347
14.499999999993491	1834.7499999983338
14.599999999993486	1860.4399999983207
14.69999999999348	1886.3099999983074
14.799999999993474	1912.3599999982944
14.899999999993469	1938.589999998281
14.999999999993463	1964.9999999982679
15.099999999993457	1991.5899999982544
15.199999999993452	2018.3599999982412
15.299999999993446	2045.3099999982278
15.39999999999344	2072.4399999982143
15.499999999993435	2099.749999998201
15.599999999993429	2127.2399999981876
15.699999999993423	2154.909999998174
15.799999999993418	2182.7599999981608
15.899999999993412	2210.7899999981473
15.999999999993406	2238.9999999981337
16.0999999999934	2267.389999998121
16.199999999993395	2295.959999998107
16.29999999999339	2324.7099999980937
16.399999999993383	2353.63999999808
16.499999999993378	2382.7499999980664
16.599999999993372	2412.0399999980527
16.699999999993366	2441.5099999980393
16.79999999999336	2471.1599999980253
16.899999999993355	2500.9899999980116
16.99999999999335	2530.999999997998
17.099999999993344	2561.189999997984
17.199999999993338	2591.5599999979704
17.299999999993332	2622.109999997957
17.399999999993327	2652.839999997943
17.49999999999332	2683.749999997929
17.599999999993315	2714.8399999979156
17.69999999999331	2746.109999997902
17.799999999993304	2777.559999997888
17.899999999993298	2809.189999997874
17.999999999993292	2840.9999999978604
18.099999999993287	2872.9899999978466
18.19999999999328	2905.1599999978325
18.299999999993275	2937.509999997819
18.39999999999327	2970.0399999978044
18.499999999993264	3002.7499999977904
18.59999999999326	3035.6399999977766
18.699999999993253	3068.7099999977627
18.799999999993247	3101.9599999977486
18.89999999999324	3135.3899999977343
18.999999999993236	3168.9999999977204
19.09999999999323	3202.789999997706
19.199999999993224	3236.759999997692
19.29999999999322	3270.9099999976784
19.399999999993213	3305.239999997664
19.499999999993207	3339.74999999765
19.5999999999932	3374.439999997636
19.699999999993196	3409.309999997621
19.79999999999319	3444.3599999976072
19.899999999993184	3479.5899999975927
19.99999999999318	3514.9999999975785
20.099999999993173	3550.589999997564
20.199999999993167	3586.35999999755
20.29999999999316	3622.309999997535
20.399999999993156	3658.439999997521
20.49999999999315	3694.7499999975066
20.599999999993145	3731.2399999974923
20.69999999999314	3767.909999997478
20.799999999993133	3804.7599999974636
20.899999999993128	3841.7899999974493
20.999999999993122	3878.9999999974348
21.099999999993116	3916.38999999742
21.19999999999311	3953.9599999974057
21.299999999993105	3991.709999997391
21.3999999999931	4029.6399999973764
21.499999999993094	4067.7499999973616
21.599999999993088	4106.039999997347
21.699999999993082	4144.509999997333
21.799999999993076	4183.159999997318
21.89999999999307	4221.989999997303
21.999999999993065	4260.999999997288
22.09999999999306	4300.189999997274
22.199999999993054	4339.559999997259
22.299999999993048	4379.109999997244
22.399999999993042	4418.839999997229
22.499999999993037	4458.749999997214
22.59999999999303	4498.8399999972
22.699999999993025	4539.109999997185
22.79999999999302	4579.55999999717
22.899999999993014	4620.189999997155
22.99999999999301	4660.99999999714
23.099999999993003	4701.989999997125
23.199999999992997	4743.159999997111
23.29999999999299	4784.509999997096
23.399999999992986	4826.039999997081
23.49999999999298	4867.749999997066
23.599999999992974	4909.639999997051
23.69999999999297	4951.709999997036
23.799999999992963	4993.9599999970205
23.899999999992957	5036.389999997005
23.99999999999295	5078.9999999969905
24.099999999992946	5121.789999996975
24.19999999999294	5164.75999999696
24.299999999992934	5207.909999996945
24.39999999999293	5251.239999996929
24.499999999992923	5294.749999996914
24.599999999992917	5338.439999996899
24.69999999999291	5382.309999996884
24.799999999992906	5426.359999996868
24.8999999999929	5470.589999996853
24.999999999992895	5514.999999996838
25.09999999999289	5559.589999996822
25.199999999992883	5604.359999996807
25.299999999992878	5649.309999996792
25.399999999992872	5694.439999996776
25.499999999992866	5739.749999996761
25.59999999999286	5785.239999996746
25.699999999992855	5830.90999999673
25.79999999999285	5876.759999996714
25.899999999992843	5922.789999996699
25.999999999992838	5968.999999996683
26.099999999992832	6015.389999996668
26.199999999992826	6061.959999996652
26.29999999999282	6108.709999996637
26.399999999992815	6155.639999996622
26.49999999999281	6202.749999996607
26.599999999992804	6250.039999996591
26.699999999992798	6297.509999996575
26.799999999992792	6345.159999996559
26.899999999992787	6392.989999996544
26.99999999999278	6440.999999996528
27.099999999992775	6489.189999996512
27.19999999999277	6537.559999996496
27.299999999992764	6586.109999996481
27.399999999992758	6634.839999996465
27.499999999992752	6683.749999996448
27.599999999992747	6732.839999996433
27.69999999999274	6782.109999996417
27.799999999992735	6831.5599999964015
27.89999999999273	6881.189999996385
27.999999999992724	6930.999999996369
28.09999999999272	6980.989999996354
28.199999999992713	7031.159999996337
28.299999999992707	7081.509999996321
28.3999999999927	7132.039999996306
28.499999999992696	7182.749999996289
28.59999999999269	7233.639999996273
28.699999999992684	7284.7099999962575
28.79999999999268	7335.959999996241
28.899999999992673	7387.389999996225
28.999999999992667	7438.999999996208
29.09999999999266	7490.789999996193
29.199999999992656	7542.759999996177
29.29999999999265	7594.90999999616
29.399999999992644	7647.2399999961435
29.49999999999264	7699.749999996127
29.599999999992633	7752.4399999961115
29.699999999992627	7805.309999996096
29.79999999999262	7858.35999999608
29.899999999992616	7911.589999996063
29.99999999999261	7964.999999996046
30.099999999992605	8018.58999999603
30.1999999999926	8072.359999996014
30.299999999992593	8126.309999995997
30.399999999992588	8180.439999995981
30.499999999992582	8234.749999995964
30.599999999992576	8289.239999995947
30.69999999999257	8343.90999999593
30.799999999992565	8398.759999995915
30.89999999999256	8453.789999995897
30.999999999992554	8508.999999995882
31.099999999992548	8564.389999995865
31.199999999992542	8619.959999995848
31.299999999992536	8675.709999995834
31.39999999999253	8731.639999995816
31.499999999992525	8787.7499999958
31.59999999999252	8844.039999995783
31.699999999992514	8900.509999995767
31.799999999992508	8957.15999999575
31.899999999992502	9013.989999995732
31.999999999992497	9070.999999995716
32.09999999999249	9128.189999995699
32.199999999992485	9185.559999995683
32.29999999999248	9243.109999995666
32.399999999992474	9300.83999999565
32.49999999999247	9358.749999995633
32.59999999999246	9416.839999995615
32.69999999999246	9475.109999995599
32.79999999999245	9533.559999995581
32.899999999992446	9592.189999995564
32.99999999999244	9650.999999995547
33.099999999992434	9709.98999999553
33.19999999999243	9769.159999995514
33.29999999999242	9828.509999995496
33.39999999999242	9888.039999995479
33.49999999999241	9947.749999995462
33.599999999992406	10007.639999995445
33.6999999999924	10067.709999995428
33.799999999992394	10127.959999995412
33.89999999999239	10188.389999995394
33.99999999999238	10248.999999995376
34.09999999999238	10309.789999995359
34.19999999999237	10370.759999995342
34.299999999992366	10431.909999995325
34.39999999999236	10493.239999995307
34.499999999992355	10554.74999999529
34.59999999999235	10616.439999995273
34.69999999999234	10678.309999995256
34.79999999999234	10740.359999995238
34.89999999999233	10802.589999995222
34.999999999992326	10864.999999995203
35.09999999999232	10927.589999995187
35.199999999992315	10990.35999999517
35.29999999999231	11053.309999995152
35.3999999999923	11116.439999995135
35.4999999999923	11179.749999995116
35.59999999999229	11243.2399999951
35.699999999992286	11306.909999995081
35.79999999999228	11370.759999995063
35.899999999992275	11434.789999995046
35.99999999999227	11498.999999995029
36.099999999992264	11563.389999995012
36.19999999999226	11627.959999994993
36.29999999999225	11692.709999994975
36.39999999999225	11757.639999994959
36.49999999999224	11822.74999999494
36.599999999992235	11888.039999994922
36.69999999999223	11953.509999994905
36.799999999992224	12019.159999994887
36.89999999999222	12084.98999999487
36.99999999999221	12150.999999994852
37.09999999999221	12217.189999994835
37.1999999999922	12283.559999994815
37.299999999992195	12350.109999994798
37.39999999999219	12416.83999999478
37.499999999992184	12483.749999994763
37.59999999999218	12550.839999994747
37.69999999999217	12618.10999999473
37.79999999999217	12685.55999999471
37.89999999999216	12753.189999994693
37.999999999992156	12820.999999994674
38.09999999999215	12888.989999994656
38.199999999992144	12957.15999999464
38.29999999999214	13025.50999999462
38.39999999999213	13094.039999994602
38.49999999999213	13162.749999994585
38.59999999999212	13231.639999994566
38.699999999992116	13300.709999994548
38.79999999999211	13369.95999999453
38.899999999992104	13439.389999994512
38.9999999999921	13508.999999994494
39.09999999999209	13578.789999994475
39.19999999999209	13648.759999994458
39.29999999999208	13718.90999999444
39.399999999992076	13789.239999994421
39.49999999999207	13859.749999994401
39.599999999992065	13930.439999994383
39.69999999999206	14001.309999994366
39.79999999999205	14072.359999994347
39.89999999999205	14143.589999994329
39.99999999999204	14214.99999999431
40.099999999992036	14286.589999994292
40.19999999999203	14358.359999994273
40.299999999992025	14430.309999994255
40.39999999999202	14502.439999994236
40.49999999999201	14574.749999994217
40.59999999999201	14647.239999994199
40.699999999992	14719.90999999418
40.799999999991996	14792.759999994163
40.89999999999199	14865.789999994144
40.999999999991985	14938.999999994125
41.09999999999198	15012.389999994106
41.199999999991974	15085.959999994087
41.29999999999197	15159.70999999407
41.39999999999196	15233.63999999405
41.49999999999196	15307.749999994032
41.59999999999195	15382.039999994013
41.699999999991945	15456.509999993994
41.79999999999194	15531.159999993975
41.899999999991934	15605.989999993957
41.99999999999193	15680.999999993937
42.09999999999192	15756.18999999392
42.19999999999192	15831.5599999939
42.29999999999191	15907.109999993882
42.399999999991905	15982.839999993863
42.4999999999919	16058.749999993843
42.599999999991894	16134.839999993825
42.69999999999189	16211.109999993805
42.79999999999188	16287.559999993788
42.89999999999188	16364.189999993767
42.99999999999187	16440.99999999375
43.099999999991866	16517.98999999373
43.19999999999186	16595.15999999371
43.299999999991854	16672.50999999369
43.39999999999185	16750.03999999367
43.49999999999184	16827.74999999365
43.59999999999184	16905.639999993633
43.69999999999183	16983.709999993614
43.799999999991826	17061.959999993596
43.89999999999182	17140.389999993575
43.999999999991815	17218.999999993557
44.09999999999181	17297.789999993536
44.1999999999918	17376.75999999352
44.2999999999918	17455.9099999935
44.39999999999179	17535.23999999348
44.499999999991786	17614.74999999346
44.59999999999178	17694.439999993443
44.699999999991775	17774.30999999342
44.79999999999177	17854.3599999934
44.89999999999176	17934.589999993383
44.99999999999176	18014.999999993364
45.09999999999175	18095.589999993343
45.199999999991746	18176.359999993325
45.29999999999174	18257.309999993304
45.399999999991735	18338.439999993287
45.49999999999173	18419.749999993266
45.599999999991724	18501.239999993246
45.69999999999172	18582.909999993226
45.79999999999171	18664.759999993206
45.89999999999171	18746.789999993187
45.9999999999917	18828.999999993168
46.099999999991695	18911.38999999315
46.19999999999169	18993.95999999313
46.299999999991684	19076.70999999311
46.39999999999168	19159.63999999309
46.49999999999167	19242.74999999307
46.59999999999167	19326.03999999305
46.69999999999166	19409.50999999303
46.799999999991655	19493.15999999301
46.89999999999165	19576.98999999299
46.999999999991644	19660.99999999297
47.09999999999164	19745.189999992952
47.19999999999163	19829.559999992933
47.29999999999163	19914.109999992914
47.39999999999162	19998.839999992895
47.499999999991616	20083.749999992873
47.59999999999161	20168.839999992855
47.699999999991604	20254.109999992834
47.7999999999916	20339.559999992816
47.89999999999159	20425.189999992795
47.99999999999159	20510.999999992775
48.09999999999158	20596.989999992755
48.199999999991576	20683.159999992735
48.29999999999157	20769.509999992715
48.399999999991564	20856.039999992696
48.49999999999156	20942.749999992673
48.59999999999155	21029.639999992654
48.69999999999155	21116.709999992636
48.79999999999154	21203.959999992614
48.899999999991536	21291.389999992592
48.99999999999153	21378.999999992575
49.099999999991525	21466.789999992554
49.19999999999152	21554.759999992533
49.29999999999151	21642.909999992513
49.39999999999151	21731.239999992493
49.4999999999915	21819.749999992473
49.599999999991496	21908.43999999245
49.69999999999149	21997.30999999243
49.799999999991485	22086.35999999241
49.89999999999148	22175.58999999239
49.99999999999147	22264.99999999237
50.09999999999147	22354.58999999235
50.19999999999146	22444.359999992328
50.299999999991456	22534.309999992307
50.39999999999145	22624.439999992286
50.499999999991445	22714.749999992266
50.59999999999144	22805.239999992245
50.699999999991434	22895.909999992225
50.79999999999143	22986.759999992206
50.89999999999142	23077.789999992186
50.99999999999142	23168.999999992164
51.09999999999141	23260.389999992145
51.199999999991405	23351.959999992123
51.2999999999914	23443.7099999921
51.399999999991394	23535.63999999208
51.49999999999139	23627.749999992062
51.59999999999138	23720.03999999204
51.69999999999138	23812.50999999202
51.79999999999137	23905.159999992
51.899999999991365	23997.989999991976
51.99999999999136	24090.999999991956
52.099999999991354	24184.189999991937
52.19999999999135	24277.559999991914
52.29999999999134	24371.109999991895
52.39999999999134	24464.839999991873
52.49999999999133	24558.74999999185
52.599999999991326	24652.83999999183
52.69999999999132	24747.10999999181
52.799999999991314	24841.55999999179
52.89999999999131	24936.189999991766
52.9999999999913	25030.999999991745
53.0999999999913	25125.989999991725
53.19999999999129	25221.159999991705
53.299999999991286	25316.509999991682
53.39999999999128	25412.039999991663
53.499999999991275	25507.74999999164
53.59999999999127	25603.63999999162
53.69999999999126	25699.7099999916
53.79999999999126	25795.959999991577
53.89999999999125	25892.389999991556
53.999999999991246	25988.999999991534
54.09999999999124	26085.789999991513
54.199999999991235	26182.759999991493
54.29999999999123	26279.909999991472
54.39999999999122	26377.23999999145
54.49999999999122	26474.74999999143
54.59999999999121	26572.439999991406
54.699999999991206	26670.309999991387
54.7999999999912	26768.359999991364
54.899999999991195	26866.58999999134
54.99999999999119	26964.99999999132
55.099999999991184	27063.589999991298
55.19999999999118	27162.359999991277
55.29999999999117	27261.309999991256
55.39999999999117	27360.439999991235
55.49999999999116	27459.749999991214
55.599999999991155	27559.23999999119
55.69999999999115	27658.90999999117
55.799999999991144	27758.759999991147
55.89999999999114	27858.789999991128
55.99999999999113	27958.999999991105
56.09999999999113	28059.389999991083
56.19999999999112	28159.95999999106
56.299999999991115	28260.70999999104
56.39999999999111	28361.639999991017
56.499999999991104	28462.749999990996
56.5999999999911	28564.039999990975
56.69999999999109	28665.509999990954
56.79999999999109	28767.15999999093
56.89999999999108	28868.98999999091
56.999999999991076	28970.999999990887
57.09999999999107	29073.189999990864
57.199999999991064	29175.559999990845
57.29999999999106	29278.109999990822
57.39999999999105	29380.8399999908
57.49999999999105	29483.749999990778
57.59999999999104	29586.839999990756
57.699999999991036	29690.109999990735
57.79999999999103	29793.55999999071
57.899999999991024	29897.18999999069
57.99999999999102	30000.99999999067
58.09999999999101	30104.989999990645
58.19999999999101	30209.159999990625
58.299999999991	30313.5099999906
58.399999999990996	30418.03999999058
58.49999999999099	30522.749999990556
58.599999999990985	30627.639999990533
58.69999999999098	30732.70999999051
58.79999999999097	30837.95999999049
58.89999999999097	30943.389999990468
58.99999999999096	31048.999999990447
59.099999999990956	31154.789999990422
59.19999999999095	31260.7599999904
59.299999999990945	31366.909999990377
59.39999999999094	31473.239999990357
59.49999999999093	31579.749999990334
59.59999999999093	31686.43999999031
59.69999999999092	31793.309999990288
59.799999999990916	31900.359999990265
59.89999999999091	32007.589999990247
59.999999999990905	32114.99999999022
60.0999999999909	32222.589999990203
60.199999999990894	32330.359999990178
60.29999999999089	32438.309999990157
60.39999999999088	32546.439999990132
60.49999999999088	32654.74999999011
60.59999999999087	32763.23999999009
60.699999999990865	32871.909999990065
60.79999999999086	32980.75999999004
60.899999999990854	33089.78999999002
60.99999999999085	33198.999999989996
61.09999999999084	33308.38999998997
61.19999999999084	33417.95999998995
61.29999999999083	33527.70999998993
61.399999999990825	33637.6399999899
61.49999999999082	33747.74999998988
61.599999999990814	33858.03999998986
61.69999999999081	33968.50999998984
61.7999999999908	34079.15999998981
61.8999999999908	34189.98999998979
61.99999999999079	34300.99999998977
62.099999999990786	34412.18999998974
62.19999999999078	34523.559999989724
62.299999999990774	34635.1099999897
62.39999999999077	34746.83999998967
62.49999999999076	34858.74999998965
62.59999999999076	34970.83999998963
62.69999999999075	35083.1099999896
62.799999999990746	35195.559999989586
62.89999999999074	35308.18999998956
62.999999999990735	35420.99999998954
63.09999999999073	35533.98999998951
63.19999999999072	35647.15999998949
63.29999999999072	35760.50999998947
63.39999999999071	35874.03999998944
63.499999999990706	35987.74999998942
63.5999999999907	36101.6399999894
63.699999999990695	36215.709999989376
63.79999999999069	36329.959999989354
63.89999999999068	36444.389999989326
63.99999999999068	36558.999999989304
64.09999999999067	36673.78999998928
64.19999999999067	36788.759999989255
64.29999999999066	36903.909999989235
64.39999999999065	37019.23999998921
64.49999999999065	37134.74999998919
64.59999999999064	37250.43999998916
64.69999999999064	37366.30999998914
64.79999999999063	37482.359999989116
64.89999999999063	37598.5899999891
64.99999999999062	37714.99999998907
65.09999999999062	37831.589999989046
65.19999999999061	37948.35999998902
65.2999999999906	38065.309999989
65.3999999999906	38182.43999998898
65.49999999999059	38299.749999988955
65.59999999999059	38417.23999998893
65.69999999999058	38534.90999998891
65.79999999999058	38652.759999988884
65.89999999999057	38770.789999988854
65.99999999999056	38888.99999998883
66.09999999999056	39007.38999998881
66.19999999999055	39125.95999998879
66.29999999999055	39244.70999998877
66.39999999999054	39363.639999988736
66.49999999999054	39482.74999998872
66.59999999999053	39602.0399999887
66.69999999999052	39721.50999998867
66.79999999999052	39841.15999998865
66.89999999999051	39960.989999988626
66.99999999999051	40080.999999988606
67.0999999999905	40201.18999998858
67.1999999999905	40321.55999998855
67.29999999999049	40442.109999988534
67.39999999999048	40562.83999998851
67.49999999999048	40683.74999998848
67.59999999999047	40804.83999998846
67.69999999999047	40926.10999998843
67.79999999999046	41047.55999998841
67.89999999999046	41169.18999998838
67.99999999999045	41290.99999998836
68.09999999999044	41412.989999988335
68.19999999999044	41535.15999998831
68.29999999999043	41657.50999998829
68.39999999999043	41780.039999988265
68.49999999999042	41902.74999998824
68.59999999999042	42025.63999998822
68.69999999999041	42148.70999998819
68.7999999999904	42271.95999998817
68.8999999999904	42395.38999998815
68.9999999999904	42518.99999998812
69.09999999999039	42642.7899999881
69.19999999999038	42766.75999998807
69.29999999999038	42890.90999998805
69.39999999999037	43015.23999998802
69.49999999999037	43139.749999987995
69.59999999999036	43264.439999987975
69.69999999999035	43389.30999998795
69.79999999999035	43514.35999998792
69.89999999999034	43639.5899999879
69.99999999999034	43764.99999998788
70.09999999999033	43890.58999998785
70.19999999999033	44016.35999998783
70.29999999999032	44142.3099999878
70.39999999999031	44268.43999998778
70.49999999999031	44394.749999987755
70.5999999999903	44521.23999998773
70.6999999999903	44647.9099999877
70.79999999999029	44774.75999998768
70.89999999999029	44901.78999998765
70.99999999999028	45028.99999998763
71.09999999999027	45156.3899999876
71.19999999999027	45283.95999998758
71.29999999999026	45411.70999998756
71.39999999999026	45539.63999998753
71.49999999999025	45667.74999998751
71.59999999999025	45796.03999998748
71.69999999999024	45924.50999998746
71.79999999999023	46053.15999998743
71.89999999999023	46181.9899999874
71.99999999999022	46310.999999987376
72.09999999999022	46440.18999998736
72.19999999999021	46569.55999998733
72.2999999999902	46699.109999987304
72.3999999999902	46828.83999998728
72.4999999999902	46958.74999998725
72.59999999999019	47088.83999998723
72.69999999999018	47219.1099999872
72.79999999999018	47349.55999998718
72.89999999999017	47480.18999998715
72.99999999999017	47610.99999998713
73.09999999999016	47741.989999987105
73.19999999999015	47873.15999998708
73.29999999999015	48004.50999998705
73.39999999999014	48136.03999998703
73.49999999999014	48267.749999987005
73.59999999999013	48399.639999986975
73.69999999999013	48531.70999998695
73.79999999999012	48663.959999986924
73.89999999999011	48796.3899999869
73.99999999999011	48928.999999986874
74.0999999999901	49061.78999998685
74.1999999999901	49194.759999986825
74.29999999999009	49327.9099999868
74.39999999999009	49461.23999998678
74.49999999999008	49594.74999998675
74.59999999999008	49728.439999986724
74.69999999999007	49862.3099999867
74.79999999999006	49996.35999998667
74.89999999999006	50130.589999986645
74.99999999999005	50264.99999998662
75.09999999999005	50399.589999986594
75.19999999999004	50534.35999998657
75.29999999999004	50669.309999986544
75.39999999999003	50804.43999998652
75.49999999999002	50939.749999986496
75.59999999999002	51075.239999986465
75.69999999999001	51210.90999998644
75.79999999999	51346.75999998642
75.89999999999	51482.78999998639
75.99999999999	51618.999999986365
76.09999999998999	51755.38999998634
76.19999999998998	51891.95999998631
76.29999999998998	52028.709999986284
76.39999999998997	52165.63999998626
76.49999999998997	52302.749999986234
76.59999999998996	52440.03999998621
76.69999999998996	52577.509999986185
76.79999999998995	52715.15999998616
76.89999999998994	52852.98999998613
76.99999999998994	52990.9999999861
77.09999999998993	53129.18999998608
77.19999999998993	53267.55999998606
77.29999999998992	53406.10999998603
77.39999999998992	53544.839999986005
77.49999999998991	53683.74999998598
77.5999999999899	53822.83999998595
77.6999999999899	53962.10999998592
77.7999999999899	54101.5599999859
77.89999999998989	54241.18999998587
77.99999999998988	54380.99999998585
78.09999999998988	54520.98999998582
78.19999999998987	54661.15999998579
78.29999999998986	54801.50999998576
78.39999999998986	54942.03999998574
78.49999999998985	55082.74999998572
78.59999999998985	55223.63999998569
78.69999999998984	55364.70999998566
78.79999999998984	55505.95999998564
78.89999999998983	55647.38999998561
78.99999999998983	55788.99999998558
79.09999999998982	55930.78999998556
79.19999999998981	56072.75999998553
79.29999999998981	56214.9099999855
79.3999999999898	56357.239999985475
79.4999999999898	56499.74999998545
79.59999999998979	56642.43999998542
79.69999999998979	56785.309999985395
79.79999999998978	56928.35999998537
79.89999999998977	57071.58999998534
79.99999999998977	57214.99999998532
80.09999999998976	57358.58999998529
80.19999999998976	57502.35999998527
80.29999999998975	57646.309999985235
80.39999999998975	57790.43999998521
80.49999999998974	57934.749999985186
80.59999999998973	58079.239999985155
80.69999999998973	58223.90999998513
80.79999999998972	58368.7599999851
80.89999999998972	58513.78999998508
80.99999999998971	58658.99999998505
81.0999999999897	58804.389999985025
81.1999999999897	58949.959999984996
81.2999999999897	59095.70999998497
81.39999999998969	59241.639999984945
81.49999999998968	59387.74999998492
81.59999999998968	59534.03999998489
81.69999999998967	59680.50999998486
81.79999999998967	59827.15999998483
81.89999999998966	59973.989999984806
81.99999999998965	60120.99999998478
82.09999999998965	60268.18999998475
82.19999999998964	60415.559999984725
82.29999999998964	60563.1099999847
82.39999999998963	60710.83999998467
82.49999999998963	60858.74999998465
82.59999999998962	61006.839999984615
82.69999999998961	61155.10999998459
82.79999999998961	61303.559999984565
82.8999999999896	61452.189999984534
82.9999999999896	61600.99999998451
83.09999999998959	61749.989999984486
83.19999999998959	61899.159999984455
83.29999999998958	62048.50999998443
83.39999999998957	62198.0399999844
83.49999999998957	62347.74999998437
83.59999999998956	62497.63999998435
83.69999999998956	62647.70999998432
83.79999999998955	62797.95999998429
83.89999999998955	62948.38999998426
83.99999999998954	63098.99999998424
84.09999999998954	63249.78999998421
84.19999999998953	63400.759999984184
84.29999999998952	63551.90999998416
84.39999999998952	63703.23999998413
84.49999999998951	63854.7499999841
84.5999999999895	64006.439999984075
84.6999999999895	64158.30999998404
84.7999999999895	64310.359999984015
84.89999999998949	64462.58999998399
84.99999999998948	64614.999999983964
85.09999999998948	64767.58999998393
85.19999999998947	64920.359999983906
85.29999999998947	65073.30999998388
85.39999999998946	65226.43999998386
85.49999999998946	65379.74999998384
85.59999999998945	65533.2399999838
85.69999999998944	65686.90999998376
85.79999999998944	65840.75999998374
85.89999999998943	65994.78999998374
85.99999999998943	66148.99999998369
86.09999999998942	66303.38999998364
86.19999999998942	66457.95999998364
86.29999999998941	66612.70999998362
86.3999999999894	66767.63999998358
86.4999999999894	66922.74999998354
86.5999999999894	67078.03999998352
86.69999999998939	67233.50999998351
86.79999999998938	67389.15999998347
86.89999999998938	67544.98999998343
86.99999999998937	67700.99999998341
87.09999999998936	67857.1899999834
87.19999999998936	68013.55999998335
87.29999999998935	68170.10999998331
87.39999999998935	68326.8399999833
87.49999999998934	68483.74999998328
87.59999999998934	68640.83999998325
87.69999999998933	68798.1099999832
87.79999999998932	68955.55999998319
87.89999999998932	69113.18999998318
87.99999999998931	69270.99999998313
88.09999999998931	69428.98999998308
88.1999999999893	69587.15999998308
88.2999999999893	69745.50999998306
88.39999999998929	69904.03999998301
88.49999999998929	70062.74999998297
88.59999999998928	70221.63999998296
88.69999999998927	70380.70999998295
88.79999999998927	70539.95999998291
88.89999999998926	70699.38999998286
88.99999999998926	70858.99999998284
89.09999999998925	71018.78999998284
89.19999999998925	71178.7599999828
89.29999999998924	71338.90999998274
89.39999999998923	71499.23999998273
89.49999999998923	71659.74999998273
89.59999999998922	71820.43999998267
89.69999999998922	71981.30999998264
89.79999999998921	72142.35999998263
89.8999999999892	72303.5899999826
89.9999999999892	72464.99999998257
90.0999999999892	72626.58999998252
90.19999999998919	72788.35999998251
90.29999999998918	72950.30999998249
90.39999999998918	73112.43999998245
90.49999999998917	73274.7499999824
90.59999999998917	73437.23999998238
90.69999999998916	73599.90999998238
90.79999999998915	73762.75999998233
90.89999999998915	73925.78999998228
90.99999999998914	74088.99999998228
91.09999999998914	74252.38999998226
91.19999999998913	74415.95999998221
91.29999999998913	74579.70999998217
91.39999999998912	74743.63999998216
91.49999999998911	74907.74999998214
91.59999999998911	75072.0399999821
91.6999999999891	75236.50999998205
91.7999999999891	75401.15999998205
91.89999999998909	75565.98999998203
91.99999999998909	75730.99999998198
92.09999999998908	75896.18999998194
92.19999999998907	76061.55999998192
92.29999999998907	76227.10999998191
92.39999999998906	76392.83999998186
92.49999999998906	76558.74999998182
92.59999999998905	76724.8399999818
92.69999999998905	76891.1099999818
92.79999999998904	77057.55999998175
92.89999999998903	77224.18999998171
92.99999999998903	77390.9999999817
93.09999999998902	77557.98999998168
93.19999999998902	77725.15999998164
93.29999999998901	77892.50999998159
93.399999999989	78060.03999998157
93.499999999989	78227.74999998156
93.599999999989	78395.63999998152
93.69999999998899	78563.70999998147
93.79999999998898	78731.95999998145
93.89999999998898	78900.38999998145
93.99999999998897	79068.9999999814
94.09999999998897	79237.78999998135
94.19999999998896	79406.75999998134
94.29999999998896	79575.90999998133
94.39999999998895	79745.23999998128
94.49999999998894	79914.74999998124
94.59999999998894	80084.43999998122
94.69999999998893	80254.30999998121
94.79999999998893	80424.35999998116
94.89999999998892	80594.58999998112
94.99999999998892	80764.9999999811
95.09999999998891	80935.5899999811
95.1999999999889	81106.35999998104
95.2999999999889	81277.309999981
95.39999999998889	81448.43999998098
95.49999999998889	81619.74999998097
95.59999999998888	81791.23999998093
95.69999999998888	81962.90999998088
95.79999999998887	82134.75999998086
95.89999999998886	82306.78999998086
95.99999999998886	82478.9999999808
96.09999999998885	82651.38999998076
96.19999999998885	82823.95999998074
96.29999999998884	82996.70999998074
96.39999999998884	83169.63999998069
96.49999999998883	83342.74999998065
96.59999999998882	83516.03999998062
96.69999999998882	83689.50999998061
96.79999999998881	83863.15999998056
96.89999999998881	84036.98999998052
96.9999999999888	84210.9999999805
97.0999999999888	84385.18999998049
97.19999999998879	84559.55999998044
97.29999999998878	84734.1099999804
97.39999999998878	84908.83999998038
97.49999999998877	85083.74999998037
97.59999999998877	85258.83999998032
97.69999999998876	85434.10999998028
97.79999999998876	85609.55999998027
97.89999999998875	85785.18999998026
97.99999999998875	85960.99999998021
98.09999999998874	86136.98999998016
98.19999999998873	86313.15999998014
98.29999999998873	86489.50999998013
98.39999999998872	86666.03999998009
98.49999999998872	86842.74999998003
98.59999999998871	87019.63999998002
98.6999999999887	87196.70999998001
98.7999999999887	87373.95999997997
98.8999999999887	87551.38999997992
98.99999999998869	87728.9999999799
99.09999999998868	87906.78999997988
99.19999999998868	88084.75999997984
99.29999999998867	88262.90999997979
99.39999999998867	88441.23999997978
99.49999999998866	88619.74999997976
99.59999999998865	88798.43999997972
99.69999999998865	88977.30999997967
99.79999999998864	89156.35999997966
99.89999999998864	89335.58999997964
99.99999999998863	89514.9999999796
100.09999999998863	89694.58999997955
100.19999999998862	89874.35999997953
100.29999999998861	90054.30999997952
100.39999999998861	90234.43999997947
100.4999999999886	90414.74999997942
100.5999999999886	90595.23999997941
100.69999999998859	90775.9099999794
100.79999999998859	90956.75999997935
100.89999999998858	91137.7899999793
